{
 "cells": [
  {
   "cell_type": "markdown",
   "metadata": {},
   "source": [
    "### Решить задачу:\n",
    "### $ \\left\\{\\begin{matrix}\n",
    "\\Delta u = 0\\\\ \n",
    "0\\leq x\\leq 1, 0 \\leq y \\leq 1 \\\\\n",
    "u(0, y) = 1, u(1, y) = 1\\\\ \n",
    "u(x, 0) = 1, u(x, 1) = 1\\\\ \n",
    "\\end{matrix}\\right. $\n",
    "\n",
    "### Разностная схема:\n",
    "# $ \\frac{u_{m-1,l} - 2u_{m,l} + u_{m+1,l}}{h_{x}^{2}} + \\frac{u_{m,l-1} - 2u_{m,l} + u_{m,l+1}}{h_{y}^{2}} = f $"
   ]
  },
  {
   "cell_type": "code",
   "execution_count": 95,
   "metadata": {},
   "outputs": [],
   "source": [
    "import numpy as np\n",
    "import pandas as ps\n",
    "import matplotlib.pyplot as plt\n",
    "\n",
    "def table(array, x, y):                 # для вывода таблицы с ответом\n",
    "    return ps.DataFrame(array, y, x)\n",
    "\n",
    "def plot(u, x, y):                      # для построения графиков\n",
    "    fig = plt.figure()\n",
    "    ax = fig.add_subplot(1, 1, 1, projection='3d')\n",
    "    x, y = np.meshgrid(x, y)\n",
    "    #u = function(p)\n",
    "    ax.plot_surface(x, y, u)\n",
    "    plt.show()\n",
    "\n",
    "class Parameters(object):               # параметры задачи\n",
    "    pass\n",
    "p = Parameters() \n",
    "p.x0 = -1                               # границы по х\n",
    "p.xM = 1          \n",
    "p.y0 = -1                               # границы по y\n",
    "p.yL = 1          \n",
    "p.h = 0.1                               # шаг по x\n",
    "p.N = 15\n",
    "p.tau = 1\n",
    "p.f = 4                                 # неоднородность\n",
    "p.M = int((p.xM - p.x0)/p.h)\n",
    "p.L = int((p.yL - p.y0)/p.h)\n",
    "p.x = np.linspace(p.x0, p.xM, p.M + 1)   \n",
    "p.y = np.linspace(p.y0, p.yL, p.L + 1)\n",
    "\n",
    "# граничные функции\n",
    "def phi_0(y):\n",
    "    return y**2\n",
    "def phi_M(y):\n",
    "    return y**2\n",
    "def psi_0(x):\n",
    "    return x**2\n",
    "def psi_L(x):\n",
    "    return x**2"
   ]
  },
  {
   "cell_type": "code",
   "execution_count": 113,
   "metadata": {},
   "outputs": [],
   "source": [
    "# div grad u = f\n",
    "# МПИ\n",
    "def function_mpi(p):\n",
    "\n",
    "    # u в начальном приближении = 0 везде, кроме границ\n",
    "    u = np.zeros(((p.L + 1),(p.M + 1)))\n",
    "    u[0] = psi_0(p.x)\n",
    "    u[p.L] = psi_L(p.x)\n",
    "    u.T[0] = phi_0(p.y)\n",
    "    u.T[p.M] = phi_M(p.y)\n",
    "    \n",
    "    \n",
    "    # Au = F\n",
    "    A = np.zeros(((p.M + 1)*(p.L + 1), (p.M + 1)*(p.L + 1)))\n",
    "    F = u  # F для u на границах (ниже дозаполнится)\n",
    "    \n",
    "    u = u.reshape((p.M + 1)*(p.L + 1))\n",
    "    F = F.reshape((p.M + 1)*(p.L + 1))\n",
    "    \n",
    "    # для граничных u при y[0] А имеет только глав. диагональ = 1\n",
    "    for i in range(0, (p.M + 1) + 1):\n",
    "        A[i][i] = 1 \n",
    "        \n",
    "    \n",
    "    for i in range(p.M + 2, (p.M - 1 + (p.L - 1)*(p.M + 1)) + 1):\n",
    "        \n",
    "        # для граничных u при x[0] и x[M] А имеет только глав. диагональ = 1\n",
    "        if i % (p.M + 1) == 0 or (i - p.M) % (p.M + 1) == 0:\n",
    "            A[i][i] = 1\n",
    "            \n",
    "        # для неграничных u\n",
    "        else:\n",
    "            A[i][i] = -4/p.h**2\n",
    "            A[i][i - 1] = 1/p.h**2\n",
    "            A[i][i + 1] = 1/p.h**2\n",
    "            A[i][i - 1 - p.M] = 1/p.h**2\n",
    "            A[i][i + 1 + p.M] = 1/p.h**2\n",
    "            F[i] = p.f\n",
    "            \n",
    "    # для граничных u при y[L] А имеет только глав. диагональ = 1\n",
    "    for i in range(p.L*(p.M + 1) - 1, (p.M + p.L*(p.M + 1)) + 1):\n",
    "        A[i][i] = 1 \n",
    "    \n",
    "    # итерационный процесс\n",
    "    for n in range(p.N + 1):\n",
    "        u_new = u - p.tau*np.dot(A,u) + p.tau*F\n",
    "        u_new = u_new.reshape(((p.L + 1),(p.M + 1)))\n",
    "        u_new[0] = psi_0(p.x)\n",
    "        u_new[p.L] = psi_L(p.x)\n",
    "        u_new.T[0] = phi_0(p.y)\n",
    "        u_new.T[p.M] = phi_M(p.y)\n",
    "        u_new = u_new.reshape((p.M + 1)*(p.L + 1))\n",
    "        u = u_new\n",
    "        \n",
    "    u = u.reshape(((p.L + 1),(p.M + 1)))\n",
    "    return u\n",
    "\n",
    "u_mpi = function_mpi(p)"
   ]
  },
  {
   "cell_type": "code",
   "execution_count": 114,
   "metadata": {
    "collapsed": true
   },
   "outputs": [
    {
     "data": {
      "text/html": [
       "<div>\n",
       "<style scoped>\n",
       "    .dataframe tbody tr th:only-of-type {\n",
       "        vertical-align: middle;\n",
       "    }\n",
       "\n",
       "    .dataframe tbody tr th {\n",
       "        vertical-align: top;\n",
       "    }\n",
       "\n",
       "    .dataframe thead th {\n",
       "        text-align: right;\n",
       "    }\n",
       "</style>\n",
       "<table border=\"1\" class=\"dataframe\">\n",
       "  <thead>\n",
       "    <tr style=\"text-align: right;\">\n",
       "      <th></th>\n",
       "      <th>-1.0</th>\n",
       "      <th>-0.9</th>\n",
       "      <th>-0.8</th>\n",
       "      <th>-0.7</th>\n",
       "      <th>-0.6</th>\n",
       "      <th>-0.5</th>\n",
       "      <th>-0.4</th>\n",
       "      <th>-0.3</th>\n",
       "      <th>-0.2</th>\n",
       "      <th>-0.1</th>\n",
       "      <th>...</th>\n",
       "      <th>0.1</th>\n",
       "      <th>0.2</th>\n",
       "      <th>0.3</th>\n",
       "      <th>0.4</th>\n",
       "      <th>0.5</th>\n",
       "      <th>0.6</th>\n",
       "      <th>0.7</th>\n",
       "      <th>0.8</th>\n",
       "      <th>0.9</th>\n",
       "      <th>1.0</th>\n",
       "    </tr>\n",
       "  </thead>\n",
       "  <tbody>\n",
       "    <tr>\n",
       "      <th>-1.0</th>\n",
       "      <td>1.00</td>\n",
       "      <td>8.100000e-01</td>\n",
       "      <td>6.400000e-01</td>\n",
       "      <td>4.900000e-01</td>\n",
       "      <td>3.600000e-01</td>\n",
       "      <td>2.500000e-01</td>\n",
       "      <td>1.600000e-01</td>\n",
       "      <td>9.000000e-02</td>\n",
       "      <td>4.000000e-02</td>\n",
       "      <td>1.000000e-02</td>\n",
       "      <td>...</td>\n",
       "      <td>1.000000e-02</td>\n",
       "      <td>4.000000e-02</td>\n",
       "      <td>9.000000e-02</td>\n",
       "      <td>1.600000e-01</td>\n",
       "      <td>2.500000e-01</td>\n",
       "      <td>3.600000e-01</td>\n",
       "      <td>4.900000e-01</td>\n",
       "      <td>6.400000e-01</td>\n",
       "      <td>8.100000e-01</td>\n",
       "      <td>1.00</td>\n",
       "    </tr>\n",
       "    <tr>\n",
       "      <th>-0.9</th>\n",
       "      <td>0.81</td>\n",
       "      <td>4.552598e+43</td>\n",
       "      <td>-6.208539e+43</td>\n",
       "      <td>5.008772e+43</td>\n",
       "      <td>-2.867130e+43</td>\n",
       "      <td>1.247651e+43</td>\n",
       "      <td>-4.230090e+42</td>\n",
       "      <td>1.170260e+42</td>\n",
       "      <td>-2.394196e+41</td>\n",
       "      <td>6.142271e+40</td>\n",
       "      <td>...</td>\n",
       "      <td>6.142271e+40</td>\n",
       "      <td>-2.394196e+41</td>\n",
       "      <td>1.170260e+42</td>\n",
       "      <td>-4.230090e+42</td>\n",
       "      <td>1.247651e+43</td>\n",
       "      <td>-2.867130e+43</td>\n",
       "      <td>5.008772e+43</td>\n",
       "      <td>-6.208539e+43</td>\n",
       "      <td>4.552598e+43</td>\n",
       "      <td>0.81</td>\n",
       "    </tr>\n",
       "    <tr>\n",
       "      <th>-0.8</th>\n",
       "      <td>0.64</td>\n",
       "      <td>-6.208539e+43</td>\n",
       "      <td>8.364486e+43</td>\n",
       "      <td>-6.619599e+43</td>\n",
       "      <td>3.687938e+43</td>\n",
       "      <td>-1.549719e+43</td>\n",
       "      <td>5.008071e+42</td>\n",
       "      <td>-1.313861e+42</td>\n",
       "      <td>2.366097e+41</td>\n",
       "      <td>-6.736561e+40</td>\n",
       "      <td>...</td>\n",
       "      <td>-6.736561e+40</td>\n",
       "      <td>2.366097e+41</td>\n",
       "      <td>-1.313861e+42</td>\n",
       "      <td>5.008071e+42</td>\n",
       "      <td>-1.549719e+43</td>\n",
       "      <td>3.687938e+43</td>\n",
       "      <td>-6.619599e+43</td>\n",
       "      <td>8.364486e+43</td>\n",
       "      <td>-6.208539e+43</td>\n",
       "      <td>0.64</td>\n",
       "    </tr>\n",
       "    <tr>\n",
       "      <th>-0.7</th>\n",
       "      <td>0.49</td>\n",
       "      <td>5.008772e+43</td>\n",
       "      <td>-6.619599e+43</td>\n",
       "      <td>5.085259e+43</td>\n",
       "      <td>-2.718679e+43</td>\n",
       "      <td>1.085519e+43</td>\n",
       "      <td>-3.272596e+42</td>\n",
       "      <td>8.073156e+41</td>\n",
       "      <td>-1.161864e+41</td>\n",
       "      <td>4.849959e+40</td>\n",
       "      <td>...</td>\n",
       "      <td>4.849959e+40</td>\n",
       "      <td>-1.161864e+41</td>\n",
       "      <td>8.073156e+41</td>\n",
       "      <td>-3.272596e+42</td>\n",
       "      <td>1.085519e+43</td>\n",
       "      <td>-2.718679e+43</td>\n",
       "      <td>5.085259e+43</td>\n",
       "      <td>-6.619599e+43</td>\n",
       "      <td>5.008772e+43</td>\n",
       "      <td>0.49</td>\n",
       "    </tr>\n",
       "    <tr>\n",
       "      <th>-0.6</th>\n",
       "      <td>0.36</td>\n",
       "      <td>-2.867130e+43</td>\n",
       "      <td>3.687938e+43</td>\n",
       "      <td>-2.718679e+43</td>\n",
       "      <td>1.371892e+43</td>\n",
       "      <td>-5.102368e+42</td>\n",
       "      <td>1.384347e+42</td>\n",
       "      <td>-3.169807e+41</td>\n",
       "      <td>2.134219e+40</td>\n",
       "      <td>-2.871169e+40</td>\n",
       "      <td>...</td>\n",
       "      <td>-2.871169e+40</td>\n",
       "      <td>2.134219e+40</td>\n",
       "      <td>-3.169807e+41</td>\n",
       "      <td>1.384347e+42</td>\n",
       "      <td>-5.102368e+42</td>\n",
       "      <td>1.371892e+43</td>\n",
       "      <td>-2.718679e+43</td>\n",
       "      <td>3.687938e+43</td>\n",
       "      <td>-2.867130e+43</td>\n",
       "      <td>0.36</td>\n",
       "    </tr>\n",
       "    <tr>\n",
       "      <th>-0.5</th>\n",
       "      <td>0.25</td>\n",
       "      <td>1.247651e+43</td>\n",
       "      <td>-1.549719e+43</td>\n",
       "      <td>1.085519e+43</td>\n",
       "      <td>-5.102368e+42</td>\n",
       "      <td>1.753549e+42</td>\n",
       "      <td>-4.195468e+41</td>\n",
       "      <td>9.911517e+40</td>\n",
       "      <td>4.745999e+39</td>\n",
       "      <td>1.880066e+40</td>\n",
       "      <td>...</td>\n",
       "      <td>1.880066e+40</td>\n",
       "      <td>4.745999e+39</td>\n",
       "      <td>9.911517e+40</td>\n",
       "      <td>-4.195468e+41</td>\n",
       "      <td>1.753549e+42</td>\n",
       "      <td>-5.102368e+42</td>\n",
       "      <td>1.085519e+43</td>\n",
       "      <td>-1.549719e+43</td>\n",
       "      <td>1.247651e+43</td>\n",
       "      <td>0.25</td>\n",
       "    </tr>\n",
       "    <tr>\n",
       "      <th>-0.4</th>\n",
       "      <td>0.16</td>\n",
       "      <td>-4.230090e+42</td>\n",
       "      <td>5.008071e+42</td>\n",
       "      <td>-3.272596e+42</td>\n",
       "      <td>1.384347e+42</td>\n",
       "      <td>-4.195468e+41</td>\n",
       "      <td>7.143222e+40</td>\n",
       "      <td>-1.872056e+40</td>\n",
       "      <td>-1.090630e+40</td>\n",
       "      <td>-9.494073e+39</td>\n",
       "      <td>...</td>\n",
       "      <td>-9.494073e+39</td>\n",
       "      <td>-1.090630e+40</td>\n",
       "      <td>-1.872056e+40</td>\n",
       "      <td>7.143222e+40</td>\n",
       "      <td>-4.195468e+41</td>\n",
       "      <td>1.384347e+42</td>\n",
       "      <td>-3.272596e+42</td>\n",
       "      <td>5.008071e+42</td>\n",
       "      <td>-4.230090e+42</td>\n",
       "      <td>0.16</td>\n",
       "    </tr>\n",
       "    <tr>\n",
       "      <th>-0.3</th>\n",
       "      <td>0.09</td>\n",
       "      <td>1.170260e+42</td>\n",
       "      <td>-1.313861e+42</td>\n",
       "      <td>8.073156e+41</td>\n",
       "      <td>-3.169807e+41</td>\n",
       "      <td>9.911517e+40</td>\n",
       "      <td>-1.872056e+40</td>\n",
       "      <td>1.172226e+40</td>\n",
       "      <td>2.849440e+39</td>\n",
       "      <td>6.005924e+39</td>\n",
       "      <td>...</td>\n",
       "      <td>6.005924e+39</td>\n",
       "      <td>2.849440e+39</td>\n",
       "      <td>1.172226e+40</td>\n",
       "      <td>-1.872056e+40</td>\n",
       "      <td>9.911517e+40</td>\n",
       "      <td>-3.169807e+41</td>\n",
       "      <td>8.073156e+41</td>\n",
       "      <td>-1.313861e+42</td>\n",
       "      <td>1.170260e+42</td>\n",
       "      <td>0.09</td>\n",
       "    </tr>\n",
       "    <tr>\n",
       "      <th>-0.2</th>\n",
       "      <td>0.04</td>\n",
       "      <td>-2.394196e+41</td>\n",
       "      <td>2.366097e+41</td>\n",
       "      <td>-1.161864e+41</td>\n",
       "      <td>2.134219e+40</td>\n",
       "      <td>4.745999e+39</td>\n",
       "      <td>-1.090630e+40</td>\n",
       "      <td>2.849440e+39</td>\n",
       "      <td>-4.399102e+39</td>\n",
       "      <td>-1.376003e+39</td>\n",
       "      <td>...</td>\n",
       "      <td>-1.376003e+39</td>\n",
       "      <td>-4.399102e+39</td>\n",
       "      <td>2.849440e+39</td>\n",
       "      <td>-1.090630e+40</td>\n",
       "      <td>4.745999e+39</td>\n",
       "      <td>2.134219e+40</td>\n",
       "      <td>-1.161864e+41</td>\n",
       "      <td>2.366097e+41</td>\n",
       "      <td>-2.394196e+41</td>\n",
       "      <td>0.04</td>\n",
       "    </tr>\n",
       "    <tr>\n",
       "      <th>-0.1</th>\n",
       "      <td>0.01</td>\n",
       "      <td>6.142271e+40</td>\n",
       "      <td>-6.736561e+40</td>\n",
       "      <td>4.849959e+40</td>\n",
       "      <td>-2.871169e+40</td>\n",
       "      <td>1.880066e+40</td>\n",
       "      <td>-9.494073e+39</td>\n",
       "      <td>6.005924e+39</td>\n",
       "      <td>-1.376003e+39</td>\n",
       "      <td>1.696290e+39</td>\n",
       "      <td>...</td>\n",
       "      <td>1.696290e+39</td>\n",
       "      <td>-1.376003e+39</td>\n",
       "      <td>6.005924e+39</td>\n",
       "      <td>-9.494073e+39</td>\n",
       "      <td>1.880066e+40</td>\n",
       "      <td>-2.871169e+40</td>\n",
       "      <td>4.849959e+40</td>\n",
       "      <td>-6.736561e+40</td>\n",
       "      <td>6.142271e+40</td>\n",
       "      <td>0.01</td>\n",
       "    </tr>\n",
       "    <tr>\n",
       "      <th>0.0</th>\n",
       "      <td>0.00</td>\n",
       "      <td>1.811832e+39</td>\n",
       "      <td>-1.487694e+40</td>\n",
       "      <td>2.321675e+40</td>\n",
       "      <td>-2.358704e+40</td>\n",
       "      <td>1.659064e+40</td>\n",
       "      <td>-1.069983e+40</td>\n",
       "      <td>4.722271e+39</td>\n",
       "      <td>-2.690689e+39</td>\n",
       "      <td>3.793922e+38</td>\n",
       "      <td>...</td>\n",
       "      <td>3.793922e+38</td>\n",
       "      <td>-2.690689e+39</td>\n",
       "      <td>4.722271e+39</td>\n",
       "      <td>-1.069983e+40</td>\n",
       "      <td>1.659064e+40</td>\n",
       "      <td>-2.358704e+40</td>\n",
       "      <td>2.321675e+40</td>\n",
       "      <td>-1.487694e+40</td>\n",
       "      <td>1.811832e+39</td>\n",
       "      <td>0.00</td>\n",
       "    </tr>\n",
       "    <tr>\n",
       "      <th>0.1</th>\n",
       "      <td>0.01</td>\n",
       "      <td>6.142271e+40</td>\n",
       "      <td>-6.736561e+40</td>\n",
       "      <td>4.849959e+40</td>\n",
       "      <td>-2.871169e+40</td>\n",
       "      <td>1.880066e+40</td>\n",
       "      <td>-9.494073e+39</td>\n",
       "      <td>6.005924e+39</td>\n",
       "      <td>-1.376003e+39</td>\n",
       "      <td>1.696290e+39</td>\n",
       "      <td>...</td>\n",
       "      <td>1.696290e+39</td>\n",
       "      <td>-1.376003e+39</td>\n",
       "      <td>6.005924e+39</td>\n",
       "      <td>-9.494073e+39</td>\n",
       "      <td>1.880066e+40</td>\n",
       "      <td>-2.871169e+40</td>\n",
       "      <td>4.849959e+40</td>\n",
       "      <td>-6.736561e+40</td>\n",
       "      <td>6.142271e+40</td>\n",
       "      <td>0.01</td>\n",
       "    </tr>\n",
       "    <tr>\n",
       "      <th>0.2</th>\n",
       "      <td>0.04</td>\n",
       "      <td>-2.394196e+41</td>\n",
       "      <td>2.366097e+41</td>\n",
       "      <td>-1.161864e+41</td>\n",
       "      <td>2.134219e+40</td>\n",
       "      <td>4.745999e+39</td>\n",
       "      <td>-1.090630e+40</td>\n",
       "      <td>2.849440e+39</td>\n",
       "      <td>-4.399102e+39</td>\n",
       "      <td>-1.376003e+39</td>\n",
       "      <td>...</td>\n",
       "      <td>-1.376003e+39</td>\n",
       "      <td>-4.399102e+39</td>\n",
       "      <td>2.849440e+39</td>\n",
       "      <td>-1.090630e+40</td>\n",
       "      <td>4.745999e+39</td>\n",
       "      <td>2.134219e+40</td>\n",
       "      <td>-1.161864e+41</td>\n",
       "      <td>2.366097e+41</td>\n",
       "      <td>-2.394196e+41</td>\n",
       "      <td>0.04</td>\n",
       "    </tr>\n",
       "    <tr>\n",
       "      <th>0.3</th>\n",
       "      <td>0.09</td>\n",
       "      <td>1.170260e+42</td>\n",
       "      <td>-1.313861e+42</td>\n",
       "      <td>8.073156e+41</td>\n",
       "      <td>-3.169807e+41</td>\n",
       "      <td>9.911517e+40</td>\n",
       "      <td>-1.872056e+40</td>\n",
       "      <td>1.172226e+40</td>\n",
       "      <td>2.849440e+39</td>\n",
       "      <td>6.005924e+39</td>\n",
       "      <td>...</td>\n",
       "      <td>6.005924e+39</td>\n",
       "      <td>2.849440e+39</td>\n",
       "      <td>1.172226e+40</td>\n",
       "      <td>-1.872056e+40</td>\n",
       "      <td>9.911517e+40</td>\n",
       "      <td>-3.169807e+41</td>\n",
       "      <td>8.073156e+41</td>\n",
       "      <td>-1.313861e+42</td>\n",
       "      <td>1.170260e+42</td>\n",
       "      <td>0.09</td>\n",
       "    </tr>\n",
       "    <tr>\n",
       "      <th>0.4</th>\n",
       "      <td>0.16</td>\n",
       "      <td>-4.230090e+42</td>\n",
       "      <td>5.008071e+42</td>\n",
       "      <td>-3.272596e+42</td>\n",
       "      <td>1.384347e+42</td>\n",
       "      <td>-4.195468e+41</td>\n",
       "      <td>7.143222e+40</td>\n",
       "      <td>-1.872056e+40</td>\n",
       "      <td>-1.090630e+40</td>\n",
       "      <td>-9.494073e+39</td>\n",
       "      <td>...</td>\n",
       "      <td>-9.494073e+39</td>\n",
       "      <td>-1.090630e+40</td>\n",
       "      <td>-1.872056e+40</td>\n",
       "      <td>7.143222e+40</td>\n",
       "      <td>-4.195468e+41</td>\n",
       "      <td>1.384347e+42</td>\n",
       "      <td>-3.272596e+42</td>\n",
       "      <td>5.008071e+42</td>\n",
       "      <td>-4.230090e+42</td>\n",
       "      <td>0.16</td>\n",
       "    </tr>\n",
       "    <tr>\n",
       "      <th>0.5</th>\n",
       "      <td>0.25</td>\n",
       "      <td>1.247651e+43</td>\n",
       "      <td>-1.549719e+43</td>\n",
       "      <td>1.085519e+43</td>\n",
       "      <td>-5.102368e+42</td>\n",
       "      <td>1.753549e+42</td>\n",
       "      <td>-4.195468e+41</td>\n",
       "      <td>9.911517e+40</td>\n",
       "      <td>4.745999e+39</td>\n",
       "      <td>1.880066e+40</td>\n",
       "      <td>...</td>\n",
       "      <td>1.880066e+40</td>\n",
       "      <td>4.745999e+39</td>\n",
       "      <td>9.911517e+40</td>\n",
       "      <td>-4.195468e+41</td>\n",
       "      <td>1.753549e+42</td>\n",
       "      <td>-5.102368e+42</td>\n",
       "      <td>1.085519e+43</td>\n",
       "      <td>-1.549719e+43</td>\n",
       "      <td>1.247651e+43</td>\n",
       "      <td>0.25</td>\n",
       "    </tr>\n",
       "    <tr>\n",
       "      <th>0.6</th>\n",
       "      <td>0.36</td>\n",
       "      <td>-2.867130e+43</td>\n",
       "      <td>3.687938e+43</td>\n",
       "      <td>-2.718679e+43</td>\n",
       "      <td>1.371892e+43</td>\n",
       "      <td>-5.102368e+42</td>\n",
       "      <td>1.384347e+42</td>\n",
       "      <td>-3.169807e+41</td>\n",
       "      <td>2.134219e+40</td>\n",
       "      <td>-2.871169e+40</td>\n",
       "      <td>...</td>\n",
       "      <td>-2.871169e+40</td>\n",
       "      <td>2.134219e+40</td>\n",
       "      <td>-3.169807e+41</td>\n",
       "      <td>1.384347e+42</td>\n",
       "      <td>-5.102368e+42</td>\n",
       "      <td>1.371892e+43</td>\n",
       "      <td>-2.718679e+43</td>\n",
       "      <td>3.687938e+43</td>\n",
       "      <td>-2.867130e+43</td>\n",
       "      <td>0.36</td>\n",
       "    </tr>\n",
       "    <tr>\n",
       "      <th>0.7</th>\n",
       "      <td>0.49</td>\n",
       "      <td>5.008772e+43</td>\n",
       "      <td>-6.619599e+43</td>\n",
       "      <td>5.085259e+43</td>\n",
       "      <td>-2.718679e+43</td>\n",
       "      <td>1.085519e+43</td>\n",
       "      <td>-3.272596e+42</td>\n",
       "      <td>8.073156e+41</td>\n",
       "      <td>-1.161864e+41</td>\n",
       "      <td>4.849959e+40</td>\n",
       "      <td>...</td>\n",
       "      <td>4.849959e+40</td>\n",
       "      <td>-1.161864e+41</td>\n",
       "      <td>8.073156e+41</td>\n",
       "      <td>-3.272596e+42</td>\n",
       "      <td>1.085519e+43</td>\n",
       "      <td>-2.718679e+43</td>\n",
       "      <td>5.085259e+43</td>\n",
       "      <td>-6.619599e+43</td>\n",
       "      <td>5.008772e+43</td>\n",
       "      <td>0.49</td>\n",
       "    </tr>\n",
       "    <tr>\n",
       "      <th>0.8</th>\n",
       "      <td>0.64</td>\n",
       "      <td>-6.208539e+43</td>\n",
       "      <td>8.364486e+43</td>\n",
       "      <td>-6.619599e+43</td>\n",
       "      <td>3.687938e+43</td>\n",
       "      <td>-1.549719e+43</td>\n",
       "      <td>5.008071e+42</td>\n",
       "      <td>-1.313861e+42</td>\n",
       "      <td>2.366097e+41</td>\n",
       "      <td>-6.736561e+40</td>\n",
       "      <td>...</td>\n",
       "      <td>-6.736561e+40</td>\n",
       "      <td>2.366097e+41</td>\n",
       "      <td>-1.313861e+42</td>\n",
       "      <td>5.008071e+42</td>\n",
       "      <td>-1.549719e+43</td>\n",
       "      <td>3.687938e+43</td>\n",
       "      <td>-6.619599e+43</td>\n",
       "      <td>8.364486e+43</td>\n",
       "      <td>-6.208539e+43</td>\n",
       "      <td>0.64</td>\n",
       "    </tr>\n",
       "    <tr>\n",
       "      <th>0.9</th>\n",
       "      <td>0.81</td>\n",
       "      <td>4.552598e+43</td>\n",
       "      <td>-6.208539e+43</td>\n",
       "      <td>5.008772e+43</td>\n",
       "      <td>-2.867130e+43</td>\n",
       "      <td>1.247651e+43</td>\n",
       "      <td>-4.230090e+42</td>\n",
       "      <td>1.170260e+42</td>\n",
       "      <td>-2.394196e+41</td>\n",
       "      <td>6.142271e+40</td>\n",
       "      <td>...</td>\n",
       "      <td>6.142271e+40</td>\n",
       "      <td>-2.394196e+41</td>\n",
       "      <td>1.170260e+42</td>\n",
       "      <td>-4.230090e+42</td>\n",
       "      <td>1.247651e+43</td>\n",
       "      <td>-2.867130e+43</td>\n",
       "      <td>5.008772e+43</td>\n",
       "      <td>-6.208539e+43</td>\n",
       "      <td>4.552598e+43</td>\n",
       "      <td>0.81</td>\n",
       "    </tr>\n",
       "    <tr>\n",
       "      <th>1.0</th>\n",
       "      <td>1.00</td>\n",
       "      <td>8.100000e-01</td>\n",
       "      <td>6.400000e-01</td>\n",
       "      <td>4.900000e-01</td>\n",
       "      <td>3.600000e-01</td>\n",
       "      <td>2.500000e-01</td>\n",
       "      <td>1.600000e-01</td>\n",
       "      <td>9.000000e-02</td>\n",
       "      <td>4.000000e-02</td>\n",
       "      <td>1.000000e-02</td>\n",
       "      <td>...</td>\n",
       "      <td>1.000000e-02</td>\n",
       "      <td>4.000000e-02</td>\n",
       "      <td>9.000000e-02</td>\n",
       "      <td>1.600000e-01</td>\n",
       "      <td>2.500000e-01</td>\n",
       "      <td>3.600000e-01</td>\n",
       "      <td>4.900000e-01</td>\n",
       "      <td>6.400000e-01</td>\n",
       "      <td>8.100000e-01</td>\n",
       "      <td>1.00</td>\n",
       "    </tr>\n",
       "  </tbody>\n",
       "</table>\n",
       "<p>21 rows × 21 columns</p>\n",
       "</div>"
      ],
      "text/plain": [
       "      -1.0          -0.9          -0.8          -0.7          -0.6  \\\n",
       "-1.0  1.00  8.100000e-01  6.400000e-01  4.900000e-01  3.600000e-01   \n",
       "-0.9  0.81  4.552598e+43 -6.208539e+43  5.008772e+43 -2.867130e+43   \n",
       "-0.8  0.64 -6.208539e+43  8.364486e+43 -6.619599e+43  3.687938e+43   \n",
       "-0.7  0.49  5.008772e+43 -6.619599e+43  5.085259e+43 -2.718679e+43   \n",
       "-0.6  0.36 -2.867130e+43  3.687938e+43 -2.718679e+43  1.371892e+43   \n",
       "-0.5  0.25  1.247651e+43 -1.549719e+43  1.085519e+43 -5.102368e+42   \n",
       "-0.4  0.16 -4.230090e+42  5.008071e+42 -3.272596e+42  1.384347e+42   \n",
       "-0.3  0.09  1.170260e+42 -1.313861e+42  8.073156e+41 -3.169807e+41   \n",
       "-0.2  0.04 -2.394196e+41  2.366097e+41 -1.161864e+41  2.134219e+40   \n",
       "-0.1  0.01  6.142271e+40 -6.736561e+40  4.849959e+40 -2.871169e+40   \n",
       " 0.0  0.00  1.811832e+39 -1.487694e+40  2.321675e+40 -2.358704e+40   \n",
       " 0.1  0.01  6.142271e+40 -6.736561e+40  4.849959e+40 -2.871169e+40   \n",
       " 0.2  0.04 -2.394196e+41  2.366097e+41 -1.161864e+41  2.134219e+40   \n",
       " 0.3  0.09  1.170260e+42 -1.313861e+42  8.073156e+41 -3.169807e+41   \n",
       " 0.4  0.16 -4.230090e+42  5.008071e+42 -3.272596e+42  1.384347e+42   \n",
       " 0.5  0.25  1.247651e+43 -1.549719e+43  1.085519e+43 -5.102368e+42   \n",
       " 0.6  0.36 -2.867130e+43  3.687938e+43 -2.718679e+43  1.371892e+43   \n",
       " 0.7  0.49  5.008772e+43 -6.619599e+43  5.085259e+43 -2.718679e+43   \n",
       " 0.8  0.64 -6.208539e+43  8.364486e+43 -6.619599e+43  3.687938e+43   \n",
       " 0.9  0.81  4.552598e+43 -6.208539e+43  5.008772e+43 -2.867130e+43   \n",
       " 1.0  1.00  8.100000e-01  6.400000e-01  4.900000e-01  3.600000e-01   \n",
       "\n",
       "              -0.5          -0.4          -0.3          -0.2          -0.1  \\\n",
       "-1.0  2.500000e-01  1.600000e-01  9.000000e-02  4.000000e-02  1.000000e-02   \n",
       "-0.9  1.247651e+43 -4.230090e+42  1.170260e+42 -2.394196e+41  6.142271e+40   \n",
       "-0.8 -1.549719e+43  5.008071e+42 -1.313861e+42  2.366097e+41 -6.736561e+40   \n",
       "-0.7  1.085519e+43 -3.272596e+42  8.073156e+41 -1.161864e+41  4.849959e+40   \n",
       "-0.6 -5.102368e+42  1.384347e+42 -3.169807e+41  2.134219e+40 -2.871169e+40   \n",
       "-0.5  1.753549e+42 -4.195468e+41  9.911517e+40  4.745999e+39  1.880066e+40   \n",
       "-0.4 -4.195468e+41  7.143222e+40 -1.872056e+40 -1.090630e+40 -9.494073e+39   \n",
       "-0.3  9.911517e+40 -1.872056e+40  1.172226e+40  2.849440e+39  6.005924e+39   \n",
       "-0.2  4.745999e+39 -1.090630e+40  2.849440e+39 -4.399102e+39 -1.376003e+39   \n",
       "-0.1  1.880066e+40 -9.494073e+39  6.005924e+39 -1.376003e+39  1.696290e+39   \n",
       " 0.0  1.659064e+40 -1.069983e+40  4.722271e+39 -2.690689e+39  3.793922e+38   \n",
       " 0.1  1.880066e+40 -9.494073e+39  6.005924e+39 -1.376003e+39  1.696290e+39   \n",
       " 0.2  4.745999e+39 -1.090630e+40  2.849440e+39 -4.399102e+39 -1.376003e+39   \n",
       " 0.3  9.911517e+40 -1.872056e+40  1.172226e+40  2.849440e+39  6.005924e+39   \n",
       " 0.4 -4.195468e+41  7.143222e+40 -1.872056e+40 -1.090630e+40 -9.494073e+39   \n",
       " 0.5  1.753549e+42 -4.195468e+41  9.911517e+40  4.745999e+39  1.880066e+40   \n",
       " 0.6 -5.102368e+42  1.384347e+42 -3.169807e+41  2.134219e+40 -2.871169e+40   \n",
       " 0.7  1.085519e+43 -3.272596e+42  8.073156e+41 -1.161864e+41  4.849959e+40   \n",
       " 0.8 -1.549719e+43  5.008071e+42 -1.313861e+42  2.366097e+41 -6.736561e+40   \n",
       " 0.9  1.247651e+43 -4.230090e+42  1.170260e+42 -2.394196e+41  6.142271e+40   \n",
       " 1.0  2.500000e-01  1.600000e-01  9.000000e-02  4.000000e-02  1.000000e-02   \n",
       "\n",
       "      ...           0.1           0.2           0.3           0.4  \\\n",
       "-1.0  ...  1.000000e-02  4.000000e-02  9.000000e-02  1.600000e-01   \n",
       "-0.9  ...  6.142271e+40 -2.394196e+41  1.170260e+42 -4.230090e+42   \n",
       "-0.8  ... -6.736561e+40  2.366097e+41 -1.313861e+42  5.008071e+42   \n",
       "-0.7  ...  4.849959e+40 -1.161864e+41  8.073156e+41 -3.272596e+42   \n",
       "-0.6  ... -2.871169e+40  2.134219e+40 -3.169807e+41  1.384347e+42   \n",
       "-0.5  ...  1.880066e+40  4.745999e+39  9.911517e+40 -4.195468e+41   \n",
       "-0.4  ... -9.494073e+39 -1.090630e+40 -1.872056e+40  7.143222e+40   \n",
       "-0.3  ...  6.005924e+39  2.849440e+39  1.172226e+40 -1.872056e+40   \n",
       "-0.2  ... -1.376003e+39 -4.399102e+39  2.849440e+39 -1.090630e+40   \n",
       "-0.1  ...  1.696290e+39 -1.376003e+39  6.005924e+39 -9.494073e+39   \n",
       " 0.0  ...  3.793922e+38 -2.690689e+39  4.722271e+39 -1.069983e+40   \n",
       " 0.1  ...  1.696290e+39 -1.376003e+39  6.005924e+39 -9.494073e+39   \n",
       " 0.2  ... -1.376003e+39 -4.399102e+39  2.849440e+39 -1.090630e+40   \n",
       " 0.3  ...  6.005924e+39  2.849440e+39  1.172226e+40 -1.872056e+40   \n",
       " 0.4  ... -9.494073e+39 -1.090630e+40 -1.872056e+40  7.143222e+40   \n",
       " 0.5  ...  1.880066e+40  4.745999e+39  9.911517e+40 -4.195468e+41   \n",
       " 0.6  ... -2.871169e+40  2.134219e+40 -3.169807e+41  1.384347e+42   \n",
       " 0.7  ...  4.849959e+40 -1.161864e+41  8.073156e+41 -3.272596e+42   \n",
       " 0.8  ... -6.736561e+40  2.366097e+41 -1.313861e+42  5.008071e+42   \n",
       " 0.9  ...  6.142271e+40 -2.394196e+41  1.170260e+42 -4.230090e+42   \n",
       " 1.0  ...  1.000000e-02  4.000000e-02  9.000000e-02  1.600000e-01   \n",
       "\n",
       "               0.5           0.6           0.7           0.8           0.9  \\\n",
       "-1.0  2.500000e-01  3.600000e-01  4.900000e-01  6.400000e-01  8.100000e-01   \n",
       "-0.9  1.247651e+43 -2.867130e+43  5.008772e+43 -6.208539e+43  4.552598e+43   \n",
       "-0.8 -1.549719e+43  3.687938e+43 -6.619599e+43  8.364486e+43 -6.208539e+43   \n",
       "-0.7  1.085519e+43 -2.718679e+43  5.085259e+43 -6.619599e+43  5.008772e+43   \n",
       "-0.6 -5.102368e+42  1.371892e+43 -2.718679e+43  3.687938e+43 -2.867130e+43   \n",
       "-0.5  1.753549e+42 -5.102368e+42  1.085519e+43 -1.549719e+43  1.247651e+43   \n",
       "-0.4 -4.195468e+41  1.384347e+42 -3.272596e+42  5.008071e+42 -4.230090e+42   \n",
       "-0.3  9.911517e+40 -3.169807e+41  8.073156e+41 -1.313861e+42  1.170260e+42   \n",
       "-0.2  4.745999e+39  2.134219e+40 -1.161864e+41  2.366097e+41 -2.394196e+41   \n",
       "-0.1  1.880066e+40 -2.871169e+40  4.849959e+40 -6.736561e+40  6.142271e+40   \n",
       " 0.0  1.659064e+40 -2.358704e+40  2.321675e+40 -1.487694e+40  1.811832e+39   \n",
       " 0.1  1.880066e+40 -2.871169e+40  4.849959e+40 -6.736561e+40  6.142271e+40   \n",
       " 0.2  4.745999e+39  2.134219e+40 -1.161864e+41  2.366097e+41 -2.394196e+41   \n",
       " 0.3  9.911517e+40 -3.169807e+41  8.073156e+41 -1.313861e+42  1.170260e+42   \n",
       " 0.4 -4.195468e+41  1.384347e+42 -3.272596e+42  5.008071e+42 -4.230090e+42   \n",
       " 0.5  1.753549e+42 -5.102368e+42  1.085519e+43 -1.549719e+43  1.247651e+43   \n",
       " 0.6 -5.102368e+42  1.371892e+43 -2.718679e+43  3.687938e+43 -2.867130e+43   \n",
       " 0.7  1.085519e+43 -2.718679e+43  5.085259e+43 -6.619599e+43  5.008772e+43   \n",
       " 0.8 -1.549719e+43  3.687938e+43 -6.619599e+43  8.364486e+43 -6.208539e+43   \n",
       " 0.9  1.247651e+43 -2.867130e+43  5.008772e+43 -6.208539e+43  4.552598e+43   \n",
       " 1.0  2.500000e-01  3.600000e-01  4.900000e-01  6.400000e-01  8.100000e-01   \n",
       "\n",
       "       1.0  \n",
       "-1.0  1.00  \n",
       "-0.9  0.81  \n",
       "-0.8  0.64  \n",
       "-0.7  0.49  \n",
       "-0.6  0.36  \n",
       "-0.5  0.25  \n",
       "-0.4  0.16  \n",
       "-0.3  0.09  \n",
       "-0.2  0.04  \n",
       "-0.1  0.01  \n",
       " 0.0  0.00  \n",
       " 0.1  0.01  \n",
       " 0.2  0.04  \n",
       " 0.3  0.09  \n",
       " 0.4  0.16  \n",
       " 0.5  0.25  \n",
       " 0.6  0.36  \n",
       " 0.7  0.49  \n",
       " 0.8  0.64  \n",
       " 0.9  0.81  \n",
       " 1.0  1.00  \n",
       "\n",
       "[21 rows x 21 columns]"
      ]
     },
     "execution_count": 114,
     "metadata": {},
     "output_type": "execute_result"
    }
   ],
   "source": [
    "table(u_mpi, p.x, p.y)"
   ]
  },
  {
   "cell_type": "code",
   "execution_count": 115,
   "metadata": {
    "collapsed": true
   },
   "outputs": [
    {
     "data": {
